>g0
-64 4 -3 -63 14 -76 -17 -2 57 20 12 84 -74 47 31 86 -45 -28 34 -33 -42 40 -24 7 56 -99 -26 48 -30 58 27 37 38 -81 80 90 -13 71 41 -88 -91 -67 44 83 -61 18 53 -93 94 68 -21 54 15 -9 98 -89 -32 52 62 29 69 59 49 -35 25 19 73 96 -55 16 95 -87 -5 100 6 97 -8 23 10 -50 36 51 75 -11 60 -78 39 -65 66 70 -92 72 77 -82 -46 1 43 85 79 22

>g1
-64 4 -3 -63 14 -76 -17 -2 57 20 12 84 -74 47 31 86 -45 -28 34 -33 -42 40 -24 7 56 -99 -26 48 -30 95 -87 -5 100 6 97 -8 23 10 -50 36 51 75 -11 60 44 83 -61 18 53 -93 94 68 -21 54 15 -9 98 -89 -32 52 62 29 69 59 49 -35 25 19 73 96 -55 16 58 27 37 38 -81 80 90 -13 71 41 -88 -91 -67 -78 39 -65 66 70 -92 72 77 -82 -46 1 43 85 79 22

>g2
-64 4 -3 -63 14 -76 -17 -2 57 20 12 84 -74 47 31 86 -45 -28 34 -33 -42 40 -24 7 56 -99 -26 48 -30 95 -87 -5 100 6 97 -8 23 32 89 -98 9 -15 -54 21 -68 -94 93 -53 -18 61 -83 -44 -60 11 -75 -51 -36 50 -10 52 62 29 69 59 49 -35 25 19 73 96 -55 16 58 27 37 38 -81 80 90 -13 71 41 -88 -91 -67 -78 39 -65 66 70 -92 72 77 -82 -46 1 43 85 79 22

>g3
-64 4 -3 -63 14 -76 -21 54 15 -9 98 -89 -32 -23 8 -97 -6 -100 5 87 -95 30 -48 26 99 -56 -7 24 -40 42 33 -34 28 45 -86 -31 -47 74 -84 -12 -20 -57 2 17 -68 -94 93 -53 -18 61 -83 -44 -60 11 -75 -51 -36 50 -10 52 62 29 69 59 49 -35 25 19 73 96 -55 16 58 27 37 38 -81 80 90 -13 71 41 -88 -91 -67 -78 39 -65 66 70 -92 72 77 -82 -46 1 43 85 79 22

>g4
-64 4 -3 -63 14 -76 -21 54 15 -9 98 -89 -32 -23 8 -97 -6 -100 5 87 -95 30 -48 26 99 -56 -7 24 -40 42 33 -34 28 51 75 -11 60 44 83 -61 18 53 -93 94 68 -17 -2 57 20 12 84 -74 47 31 86 -45 -36 50 -10 52 62 29 69 59 49 -35 25 19 73 96 -55 16 58 27 37 38 -81 80 90 -13 71 41 -88 -91 -67 -78 39 -65 66 70 -92 72 77 -82 -46 1 43 85 79 22

>g5
-64 4 -3 -63 67 91 88 -41 -71 13 -90 -80 81 -38 -37 -27 -58 -16 55 -96 -73 -19 -25 35 -49 -59 -69 -29 -62 -52 10 -50 36 45 -86 -31 -47 74 -84 -12 -20 -57 2 17 -68 -94 93 -53 -18 61 -83 -44 -60 11 -75 -51 -28 34 -33 -42 40 -24 82 -77 -72 92 -70 -66 65 -39 78 14 -76 -21 54 15 -9 98 -89 -32 -23 8 -97 -6 -100 5 87 -95 30 -48 26 99 -56 -7 -46 1 43 85 79 22

>g6
-64 4 -3 -63 67 91 88 -41 -71 13 -90 -80 81 -38 -37 -27 -58 -16 55 -96 -73 -19 -25 35 -49 -59 -69 -29 -62 -52 10 -50 36 45 -86 -31 -47 74 -84 -12 -20 -57 2 17 -68 -94 -23 8 -97 -6 -100 5 87 -95 30 -48 26 99 -56 -7 -46 1 -61 18 53 -93 32 89 -98 9 -15 -54 21 76 -14 -78 39 -65 66 70 -92 72 77 -82 24 -40 42 33 -34 28 51 75 -11 60 44 83 43 85 79 22

>g7
-15 -54 21 76 -14 -78 39 -65 66 70 -92 94 68 -17 -2 57 20 12 84 -74 47 31 86 -45 -36 50 -10 52 62 29 69 59 49 -35 25 19 73 96 -55 16 58 27 37 38 -81 80 90 -13 71 41 -88 -91 -67 63 3 -4 64 -9 98 -89 -32 93 -53 -18 61 -1 46 7 56 -99 -26 48 -30 95 -87 -5 100 6 97 -8 23 72 77 -82 24 -40 42 33 -34 28 51 75 -11 60 44 83 43 85 79 22

>g8
-15 -54 21 76 -14 -78 39 -65 41 -88 -91 -67 63 3 -4 64 -9 98 -89 -32 93 -53 -18 61 -1 46 7 56 -99 -26 48 -30 95 -87 -5 100 69 59 49 -35 25 19 73 96 -55 16 58 27 37 38 -81 80 90 -13 71 66 70 -92 94 68 -17 -2 57 20 12 84 -74 47 31 86 -45 -36 50 -10 52 62 29 6 97 -8 23 72 77 -82 24 -40 42 33 -34 28 51 75 -11 60 44 83 43 85 79 22

>g9
-15 -54 21 76 -14 -78 39 -65 -97 -6 -29 -62 -52 10 -50 36 45 -86 -31 -47 74 -84 -12 -20 -57 2 17 -68 -94 92 -70 -66 -71 13 -90 -80 81 -38 -37 -27 -58 -16 55 -96 -73 -19 -25 35 -49 -59 -69 -100 5 87 -95 30 -48 26 99 -56 -7 -46 1 -61 18 53 -93 32 89 -98 9 -64 4 -3 -63 67 91 88 -41 -8 23 72 77 -82 24 -40 42 33 -34 28 51 75 -11 60 44 83 43 85 79 22

>g10
-15 -54 21 76 -14 -78 39 -65 -97 -6 -29 -62 -52 10 -50 36 45 -86 -31 -47 74 -84 -12 -20 -57 2 17 -68 -94 92 -70 -66 -71 13 -90 -55 16 58 27 37 38 -81 80 -96 -73 -19 -25 35 -49 -59 -69 -100 5 87 -95 30 -48 26 99 -56 -7 -46 1 -61 18 53 -93 32 89 -98 9 -64 4 -3 -63 67 91 88 -41 -8 23 72 77 -82 24 -40 42 33 -34 28 51 75 -11 60 44 83 43 85 79 22

>g11
-15 -54 21 76 -14 -78 39 -65 -97 -6 -29 -62 -52 10 -50 36 45 -86 -31 -47 74 -84 -12 -20 -57 2 17 -68 -94 92 -70 -66 -71 13 -90 -55 16 58 27 4 -3 -63 -59 -69 -100 5 87 -95 30 -48 26 99 -56 -7 -46 1 -61 18 53 -93 32 89 -98 9 -64 37 38 -81 80 -96 -73 -19 -25 35 -49 67 91 88 -41 -8 23 72 77 -82 24 -40 42 33 -34 28 51 75 -11 60 44 83 43 85 79 22

>g12
-15 -54 21 76 -14 -78 39 -65 -97 -6 -29 -62 -52 10 -50 36 45 -86 -31 -47 74 -84 -12 -20 -57 2 17 -68 -94 92 -70 -66 -71 13 -90 -55 80 -96 -73 -19 -25 35 -49 67 91 88 -41 -8 23 72 77 -82 24 -40 42 33 -34 28 51 75 -11 60 44 83 43 85 -56 -7 -46 1 -61 18 53 -93 32 89 -98 9 -64 37 38 -81 16 58 27 4 -3 -63 -59 -69 -100 5 87 -95 30 -48 26 99 79 22

>g13
-15 -54 21 76 -14 -78 39 -65 -97 -6 -29 -62 -52 10 -50 36 45 -86 -31 -47 74 -84 -12 -20 -57 2 17 -68 -94 92 -70 -66 -71 13 -90 -55 80 -96 -73 -19 -25 35 -49 67 91 88 -41 -8 23 72 77 -82 24 -40 42 33 -34 28 51 75 -11 60 44 83 43 85 -56 -7 -46 -26 48 -30 95 -87 -5 100 69 59 63 3 -4 -27 -58 -16 81 -38 -37 64 -9 98 -89 -32 93 -53 -18 61 -1 99 79 22

>g14
-15 -54 44 83 43 85 -56 -7 -46 -26 48 -30 51 75 -11 60 21 76 -14 -78 39 -65 -97 -6 -29 -62 -52 10 -50 36 45 -86 -31 -47 74 -84 -12 -20 -57 2 17 -68 -94 92 -70 -66 -71 13 -90 -55 80 -96 -73 -19 -25 35 -49 67 91 88 -41 -8 23 72 77 -82 24 -40 42 33 -34 28 95 -87 -5 100 69 59 63 3 -4 -27 -58 -16 81 -38 -37 64 -9 98 -89 -32 93 -53 -18 61 -1 99 79 22

>g15
-15 -54 44 83 43 85 -56 -7 -46 -26 48 -30 51 75 -11 60 21 76 -14 -78 39 -65 -97 -6 -29 -62 -52 10 -50 36 45 -86 -31 -47 74 -84 -12 -20 -57 2 17 -68 -94 92 5 87 -95 -28 34 -70 -66 -71 13 -90 -55 80 -96 -73 -19 -25 35 -49 67 91 88 -41 -8 23 72 77 -82 24 -40 42 33 100 69 59 63 3 -4 -27 -58 -16 81 -38 -37 64 -9 98 -89 -32 93 -53 -18 61 -1 99 79 22

>g16
-15 -54 44 83 43 85 -56 -7 -46 -26 48 64 -9 98 -89 -32 93 -53 -18 61 -1 99 -50 36 45 -86 -31 -47 74 -84 -12 -20 -57 2 17 -68 -94 92 5 87 -95 -28 34 -70 -66 -71 13 -90 -55 80 -96 -73 -19 -25 35 -49 67 91 88 -41 -8 23 72 77 -82 24 -40 42 33 100 69 59 63 3 -4 -27 -58 -16 81 -38 -37 -30 51 75 -11 60 21 76 -14 -78 39 -65 -97 -6 -29 -62 -52 10 79 22

>g17
-15 -54 44 83 43 85 -56 -7 -46 -26 48 64 -9 98 -89 -32 93 -53 -18 61 -1 99 -50 36 45 -86 35 -49 67 91 88 -41 -8 23 72 77 -82 -2 57 20 12 84 -74 47 31 25 19 73 96 -80 55 90 -13 71 66 70 -34 28 95 -87 -5 -92 94 68 -17 24 -40 42 33 100 69 59 63 3 -4 -27 -58 -16 81 -38 -37 -30 51 75 -11 60 21 76 -14 -78 39 -65 -97 -6 -29 -62 -52 10 79 22

>g18
-15 -54 44 83 43 87 -95 -28 34 -70 -66 -71 13 -90 -55 80 -96 -73 -19 -25 -31 -47 74 40 -24 17 -68 -94 92 5 85 -56 -7 -46 -26 48 64 -9 98 -89 -32 93 -53 -18 61 -1 99 -50 36 45 -86 35 -49 67 91 88 -41 -8 23 72 77 -82 -2 57 20 12 84 42 33 100 69 59 63 3 -4 -27 -58 -16 81 -38 -37 -30 51 75 -11 60 21 76 -14 -78 39 -65 -97 -6 -29 -62 -52 10 79 22

>g19
-15 -54 44 83 43 87 -5 -92 94 68 -17 24 -40 -74 47 31 25 19 73 96 -80 55 90 -13 71 66 70 -34 28 -76 -21 -60 11 -75 -51 30 37 38 -81 16 58 27 4 -3 -63 -59 -69 -100 -33 -42 -84 -12 -20 -57 2 82 -77 -72 -23 8 41 -88 -91 -67 49 -35 86 -45 -36 50 -99 1 -61 18 53 -93 32 89 -98 9 -64 -48 26 46 7 56 -85 -95 -14 -78 39 -65 -97 -6 -29 -62 -52 10 79 22

>g20
-15 -54 44 83 43 87 -5 -92 94 68 -17 24 -40 -74 47 31 25 19 73 96 -80 55 90 -13 71 66 70 -34 28 -76 -21 -60 11 -75 -51 30 37 38 -81 16 58 27 4 -3 -63 -59 -69 -100 -33 -42 -84 -12 -20 -57 -1 99 -50 36 45 -86 35 -49 67 91 88 -41 -8 23 72 77 -82 -2 -61 18 53 -93 32 89 -98 9 -64 -48 26 46 7 56 -85 -95 -14 -78 39 -65 -97 -6 -29 -62 -52 10 79 22

>g21
-15 -54 44 83 43 87 -5 -92 94 68 -17 24 -40 -74 47 31 25 19 73 96 -80 55 90 38 30 37 -13 71 66 70 -34 28 -76 -21 -60 11 -75 -51 -81 16 58 27 4 -3 -63 -59 -69 -100 -33 -42 -84 -12 -20 -57 -1 99 -50 36 45 -86 35 -49 67 91 88 -41 -8 23 72 77 -82 -2 -61 18 53 -93 32 89 -98 9 -64 -48 26 46 7 56 -85 -95 -14 -78 39 -65 -97 -6 -29 -62 -52 10 79 22

>g22
-15 -54 44 83 43 87 -5 -92 94 68 -17 24 -40 -74 47 31 25 19 73 96 -80 55 90 38 30 37 -13 45 -86 35 -49 67 91 88 -41 -8 23 72 77 -82 -2 -61 18 53 -93 32 89 -98 9 -64 -63 -59 -69 -100 -33 -42 -84 -12 -20 -57 -1 99 -50 36 71 66 70 -34 28 -76 -21 -60 11 -75 -51 -81 16 58 27 4 -3 -48 26 46 7 56 -85 -95 -14 -78 39 -65 -97 -6 -29 -62 -52 10 79 22

>g23
-15 -54 44 83 43 87 -5 -92 94 68 -17 24 -40 -74 47 31 25 19 73 96 -80 55 90 13 -37 -30 -38 45 -86 35 -49 67 91 88 -41 -8 23 72 77 -82 -2 -61 18 53 -93 32 89 -98 9 -64 -63 -59 -69 -100 -33 -42 -84 -12 -20 -57 -1 99 -50 36 71 66 70 -34 28 -76 -21 -60 11 -75 -51 -81 16 58 27 4 -3 -48 26 46 7 56 -85 -95 -14 -78 39 -65 -97 -6 -29 -62 -52 10 79 22

>g24
-15 -54 44 83 43 87 -5 -92 94 68 -17 24 -40 -74 47 31 25 19 73 96 -80 55 90 13 -37 -30 -38 45 -86 35 -49 67 91 88 -41 -8 23 72 77 -82 -2 -61 18 53 -93 32 89 -98 9 -64 -63 -59 -69 -100 -33 -26 48 3 -4 -27 -58 -16 81 51 75 -11 60 21 76 -28 34 -70 -66 -71 -36 50 -99 1 57 20 12 84 42 46 7 56 -85 -95 -14 -78 39 -65 -97 -6 -29 -62 -52 10 79 22

>g25
-81 16 58 27 4 -3 -48 26 33 100 69 59 63 64 -9 98 -89 -32 93 -53 -18 61 2 82 -77 -72 -23 8 41 -88 -91 -67 49 -35 86 -45 38 30 37 -13 -90 -55 80 -96 -73 -19 -25 -31 -47 74 40 -24 17 -68 -94 92 5 -87 -43 -83 -44 54 15 51 75 -11 60 21 76 -28 34 -70 -66 -71 -36 50 -99 1 57 20 12 84 42 46 7 56 -85 -95 -14 -78 39 -65 -97 -6 -29 -62 -52 10 79 22

>g26
-81 16 58 27 4 -3 -48 26 33 100 69 59 63 64 -9 98 -89 -32 55 90 13 -37 -30 -38 45 -86 35 -49 67 91 88 -41 -8 23 72 77 -82 -2 -61 18 53 -93 80 -96 -73 -19 -25 -31 -47 74 40 -24 17 -68 -94 92 5 -87 -43 -83 -44 54 15 51 75 -11 60 21 76 -28 34 -70 -66 -71 -36 50 -99 1 57 20 12 84 42 46 7 56 -85 -95 -14 -78 39 -65 -97 -6 -29 -62 -52 10 79 22

>g27
-81 16 58 27 4 -3 -48 26 33 100 69 59 63 64 -9 98 -89 -32 55 90 13 -37 -17 24 -40 -74 47 31 25 19 73 96 -80 93 -53 -18 61 2 82 -77 -72 -23 -54 44 83 43 87 -5 -92 94 68 -30 -38 45 -86 35 -49 67 91 88 -41 -8 15 51 75 -11 60 21 76 -28 34 -70 -66 -71 -36 50 -99 1 57 20 12 84 42 46 7 56 -85 -95 -14 -78 39 -65 -97 -6 -29 -62 -52 10 79 22

>g28
-81 16 58 27 4 -3 -48 26 33 100 69 59 63 64 -9 98 -89 -32 55 90 13 -37 -17 24 -40 -74 47 31 25 19 73 96 -80 93 -53 -18 61 2 82 -77 -72 -23 -54 44 83 43 87 66 70 -34 28 -76 -21 -60 11 -75 -51 -15 8 41 -88 -91 -67 49 -35 86 -45 38 30 -68 -94 92 5 -71 -36 50 -99 1 57 20 12 84 42 46 7 56 -85 -95 -14 -78 39 -65 -97 -6 -29 -62 -52 10 79 22

>g29
-81 16 58 27 4 -3 -48 26 33 100 69 59 63 64 -9 98 -89 -32 55 90 13 -37 -17 24 -40 -84 -12 -20 -57 -1 99 -50 36 71 -5 -92 94 68 -30 -38 45 -86 35 -49 67 91 88 -41 -8 15 51 75 -11 60 21 76 -28 34 -70 -66 -87 -43 -83 -44 54 23 72 77 -82 -2 -61 18 53 -93 80 -96 -73 -19 -25 -31 -47 74 42 46 7 56 -85 -95 -14 -78 39 -65 -97 -6 -29 -62 -52 10 79 22

>g30
-81 16 58 27 -87 -43 -83 -44 54 15 51 75 -11 60 21 76 -28 34 -70 -66 4 -3 -48 26 33 100 69 59 63 64 -9 98 -89 -32 55 90 13 -37 -17 24 -40 -84 -12 -20 -57 -1 99 -50 36 71 -5 -92 94 68 -30 -38 45 -86 35 -49 67 91 88 -41 -8 23 72 77 -82 -2 -61 18 53 -93 80 -96 -73 -19 -25 -31 -47 74 42 46 7 56 -85 -95 -14 -78 39 -65 -97 -6 -29 -62 -52 10 79 22

>g31
-81 16 58 27 -87 -43 -83 -44 54 15 51 75 -11 60 21 76 -28 34 -70 -66 4 -3 -48 26 33 100 69 59 63 64 -9 98 -89 -32 -82 -2 -61 18 53 -93 80 -96 -73 -19 -25 -31 -47 74 42 46 7 56 -85 -95 -14 -78 39 -65 -97 -6 -29 -62 -52 10 71 -5 -92 94 68 -30 -38 45 -86 35 -49 67 91 88 -41 -8 23 72 77 55 90 13 -37 -17 24 -40 -84 -12 -20 -57 -1 99 -50 36 79 22

>g32
-81 16 58 27 -87 -43 31 25 19 73 96 -80 -24 17 37 -13 -90 -55 -77 -72 -23 8 41 -88 -91 -67 49 -35 86 -45 38 30 -68 -94 92 5 -71 -10 52 62 29 6 97 65 -39 78 14 95 85 -56 -7 -46 -42 -74 47 -83 -44 54 15 51 75 -11 60 21 76 -28 34 -70 -66 4 -3 -48 26 33 100 69 59 63 64 -9 98 -89 -32 -82 -2 -61 18 53 -93 -40 -84 -12 -20 -57 -1 99 -50 36 79 22

>g33
-81 16 58 27 -87 -43 31 25 19 -99 1 57 20 12 84 40 93 -53 -18 61 2 82 32 89 -98 9 -64 -63 -59 -69 -100 -33 -26 48 3 -4 66 70 -34 28 -76 -21 -60 11 -75 -51 -15 -54 44 83 -47 74 42 46 7 56 -85 -95 -14 -78 39 -65 -97 -6 -29 -62 -52 10 71 -5 -92 94 68 -36 50 73 96 -80 -24 17 37 -13 -90 -55 -77 -72 -23 8 41 -88 -91 -67 49 -35 86 -45 38 30 79 22

>g34
-81 16 58 27 -87 -43 31 25 19 -99 1 57 20 12 84 40 93 -53 -18 61 2 82 32 89 -98 9 -64 -63 -59 -69 -100 -33 -26 48 3 -4 66 70 -34 28 -76 -21 -60 11 -75 -51 -79 -30 -38 45 -86 35 -49 67 91 88 -41 -8 23 72 77 55 90 13 -37 -17 24 -22 -15 -54 44 83 -47 74 42 46 7 56 -85 -95 -14 -78 39 -65 -97 -6 -29 -62 -52 10 71 -5 -92 94 68 -36 50 73 96 -80

>g35
-81 -28 34 -70 -66 4 -3 -48 26 33 100 69 59 63 64 -9 98 -89 -32 -82 -2 -61 18 53 -93 -40 -84 -12 -20 -57 -1 99 -19 -25 -31 43 87 -27 -58 -16 -76 -21 -60 11 -75 -51 -79 -30 -38 45 -86 35 -49 67 91 88 -41 -8 23 72 77 55 90 13 -37 -17 24 -22 -15 -54 44 83 -47 74 42 46 7 56 -85 -95 -14 -78 39 -65 -97 -6 -29 -62 -52 10 71 -5 -92 94 68 -36 50 73 96 -80

>g36
-81 -28 34 86 -45 38 30 79 51 75 -11 60 21 76 16 58 27 -87 -43 31 25 19 -99 1 57 20 12 84 40 93 -53 -18 61 2 82 32 89 -98 9 -64 -63 -59 -69 -100 -33 -26 48 3 -4 66 70 35 -49 67 91 88 -41 -8 23 72 77 55 90 13 -37 -17 24 -22 -15 -54 44 83 -47 74 42 46 7 56 -85 -95 -14 -78 39 -65 -97 -6 -29 -62 -52 10 71 -5 -92 94 68 -36 50 73 96 -80

>g37
-81 -28 34 86 -45 38 30 79 51 75 -11 60 21 76 16 58 27 -87 -43 31 25 19 -99 1 57 20 12 84 42 46 7 56 -85 -95 -14 -78 39 -65 -97 -6 -29 40 93 -53 -18 61 2 82 32 89 -98 9 -64 -63 -59 -69 -100 -33 -26 48 3 -4 66 70 35 -49 67 91 88 -41 -8 23 72 77 55 90 13 -37 -17 24 -22 -15 -54 44 83 -47 74 -62 -52 10 71 -5 -92 94 68 -36 50 73 96 -80

>g38
-81 -28 34 86 -45 38 30 79 51 75 -11 60 21 76 16 58 27 -87 -43 31 25 19 -99 1 57 20 12 84 42 46 7 56 -85 -95 -14 -78 39 -65 -97 -6 -29 40 93 -53 -18 61 2 82 32 89 -98 9 -64 -63 -59 -69 -100 -33 -26 -72 -23 8 41 -88 -91 -67 49 -35 -70 -66 4 -3 -48 77 55 90 13 -37 -17 24 -22 -15 -54 44 83 -47 74 -62 -52 10 71 -5 -92 94 68 -36 50 73 96 -80

>g39
-81 -28 34 86 -45 38 30 79 51 75 -11 60 21 76 16 58 27 -87 -43 31 25 19 -99 1 57 20 12 84 42 46 7 56 -85 -95 -14 -78 39 -36 50 74 -62 -52 10 71 -5 -92 94 68 -65 -97 -6 -29 40 93 -53 -18 61 2 82 32 89 -98 9 -64 -63 -59 -69 -100 -33 -26 -72 -23 8 41 -88 -91 -67 49 -35 -70 -66 4 -3 -48 77 55 90 13 -37 -17 24 -22 -15 -54 44 83 -47 73 96 -80

