>g0
L: 1 2 3 4 5 6 7 8 9 10 11 12 13 14 15 16 17 18 19 20 21 22 23 24 25 26 27 28 29 30 31 32 33 34 35 36 37 38 39 40 41 42 43 44 45 46 47 48 49 50

>g1
L: 1 2 3 4 5 6 7 8 9 10 11 12 13 14 15 16 17 18 19 20 33 34 35 36 37 38 39 40 41 42 43 44 45 46 47 48 49 50
C: 21 22 23 24 25 26 27 28 29 30 31 32

>g2
L: 1 2 3 4 5 6 7 8 9 10 11 12 13 14 15 16 17 18 19 20 33 34 35 36 37 38 39 40 -28 -27 -26 -25 -24 -23 -22 -21 -32 -31 -30 -29 41 42 43 44 45 46 47 48 49 50

>g3
L: 1 2 3 4 5 6 45 46 47 48 49 50
C: 7 8 9 10 11 12 13 14 15 16 17 18 19 20 33 34 35 36 37 38 39 40 -28 -27 -26 -25 -24 -23 -22 -21 -32 -31 -30 -29 41 42 43 44

>g4
L: 1 2 3 4 12 13 14 15 16 17 18 19 20 33 34 35 36 37 38 39 40 -28 -27 -26 -25 -24 -23 -22 -21 -32 -31 -30 -29 41 42 43 44 7 8 9 10 11 5 6 45 46 47 48 49 50

>g5
L: 1 2 3 4 12 13 14 15 16 17 -46 -45 -6 -5 -11 -10 -9 -8 -7 -44 -43 -42 -41 29 30 31 32 21 22 23 24 25 26 27 28 -40 -39 -38 -37 -36 -35 -34 -33 -20 -19 -18 47 48 49 50

>g6
L: 1 -20 -19 -18 47 48 49 50
C: 2 3 4 12 13 14 15 16 17 -46 -45 -6 -5 -11 -10 -9 -8 -7 -44 -43 -42 -41 29 30 31 32 21 22 23 24 25 26 27 28 -40 -39 -38 -37 -36 -35 -34 -33

>g7
L: 1 -20 -19 -18 47 48 49 50
C: 2 3 4 12 13 14 32 21 22 23 24 25 26 27 28 -40 -39 -38 -37 -36 -35 -34 -33
C: 15 16 17 -46 -45 -6 -5 -11 -10 -9 -8 -7 -44 -43 -42 -41 29 30 31

>g8
L: 1 -20 -19 -18 47 48 49 50
C: 2 3 4 12 13 14 32 21 22 23 24 25 26 27 28 -40 -39 -38 -37 -36 -35 -34 -33
C: 15 16 17 -46 -45 -6 -5 -11 -10 -9 -8 -7 30 31
C: -44 -43 -42 -41 29

>g9
L: 1 -20 -19 -18 47 48 49 50
C: -44 -43 -42 -41 29
C: 2 3 4 12 13 14 32 21 22 23 24 6 45 46 -17 -16 -15 -31 -30 7 8 9 10 11 5 25 26 27 28 -40 -39 -38 -37 -36 -35 -34 -33

>g10
L: 1 -20 -19 -18 47 48 -50 -49
C: -44 -43 -42 -41 29
C: 2 3 4 12 13 14 32 21 22 23 24 6 45 46 -17 -16 -15 -31 -30 7 8 9 10 11 5 25 26 27 28 -40 -39 -38 -37 -36 -35 -34 -33

>g11
L: 1 -20 -19 -18 47 48 -50 -49
C: -44 -43 -42 -41 29
C: 2 3 4 12 13 14 32 21 22 23 24 6 45 46 -17 -16 -15 -31 -30 7 8 9 10 11 5 25 26 27 28 -40 -39 -38 -37 -36 -35 -34 -33

>g12
L: 1 -20 -19 -18 47 48 -50 -49
C: -44 -43 -42 -41 29
C: 2 3 -16 -15 -31 -30 7 8 9 10 11 5 25 26 27 28 -40 -39 -38 -37 -36 -35 -34 -33
C: 4 12 13 14 32 21 22 23 24 6 45 46 -17

>g13
L: 1 -20 -19 -18 47 48 -50 -49
C: -44 -43 -42 -41 29
C: 2 3 -16 -15 -31 -30 12 13 14 32 21 22 23 24 6 45 46 -17 4 7 8 9 10 11 5 25 26 27 28 -40 -39 -38 -37 -36 -35 -34 -33

>g14
L: 1 -20 -19 -18 47 48 -50 -49
C: -44 -43 -42 -41 29
C: 2 3 -16 -15 -31 -30 12 13 14 32 21 22 23 24 6 45 46 -17 4 7 8 9 10 -11 5 25 26 27 28 -40 -39 -38 -37 -36 -35 -34 -33

>g15
L: 1 -20 -19 -18 47 48 -50 -49
C: -44 -43 -42 -41 29
C: 2 15 16 -3 -31 -30 12 13 14 32 21 22 23 24 6 45 46 -17 4 7 8 9 10 -11 5 25 26 27 28 -40 -39 -38 -37 -36 -35 -34 -33

>g16
L: 1 -20 -19 -18 47 48 -50 -49
C: -44 -43 -42 -41 29
C: 2 15 16 -3 -31 -30 12 13 14 32 21 22 23 24 6 45 46 -17 -34 -33
C: 4 7 8 9 10 -11 5 25 26 27 28 -40 -39 -38 -37 -36 -35

>g17
L: 1 -20 -19 -18 47 48 -50 -49
C: -44 -43 -42 -41 29
C: 2 15 16 -3 -31 -30 12 13 14 32 21 22 23 24 6 45 46 -17 -34 -33
C: 4 7 8 9 10 -11 5 -37 -36 -35
C: 25 26 27 28 -40 -39 -38

>g18
L: 1 -20 -19 -18 47 48 -50 -49
C: -44 -43 -42 -41 29
C: 25 26 27 28 -40 -39 -38
C: 2 -4 35 36 37 -5 11 -10 -9 -8 -7 15 16 -3 -31 -30 12 13 14 32 21 22 23 24 6 45 46 -17 -34 -33

>g19
L: 1 -20 -19 -18 47 48 -50 -49
C: 25 26 27 28 -40 -39 -38
C: -44 3 -16 -15 7 8 9 10 -11 5 -37 -36 -35 4 -2 33 34 17 -46 -45 -6 -24 -23 -22 -21 -32 -14 -13 -12 30 31 -43 -42 -41 29

>g20
L: 1 -20 -19 -18 47 48 -50 -49
C: 25 -34 -33 2 -4 35 36 37 -5 11 -10 -9 -8 -7 15 16 -3 44 -29 41 42 43 -31 -30 12 13 14 32 21 22 23 24 6 45 46 -17 26 27 28 -40 -39 -38

>g21
L: 1 -20 -19 -18 47 48 -50 -49
C: 25 -34 -33 2 -4 -12 30 31 -43 -42 -41 29 -44 3 -16 -15 7 8 9 10 -11 5 -37 -36 -35 13 14 32 21 22 23 24 6 45 46 -17 26 27 28 -40 -39 -38

>g22
L: 1 -20 -19 -18 44 -29 41 42 43 -31 -30 12 4 -2 33 34 -25 38 39 40 -28 -27 -26 17 -46 -45 -6 -24 -23 -22 -21 -32 -14 -13 35 36 37 -5 11 -10 -9 -8 -7 15 16 -3 47 48 -50 -49

>g23
L: 1 -20 -19 -18 44 -29 41 42 43 -31 -39 -38 25 -34 -33 2 -4 -12 30 40 -28 -27 -26 17 -46 -45 -6 -24 -23 -22 -21 -32 -14 -13 35 36 37 -5 11 -10 -9 -8 -7 15 16 -3 47 48 -50 -49

>g24
L: 1 -20 -19 -18 44 -29 41 42 43 -31 -39 -38 25 -34 -33 2 -4 -12 30 40 -28 -27 -26 17 -46 -45 -6 -24 -23 -22 -21 -32 -14 -13 35 36 37 -5 11 -10 -9 -8 -7 15 16 -3 47 48 -50 -49

>g25
L: 1 -20 40 -28 -27 -26 17 -46 -45 -6 -24 -23 -22 -21 -32 -14 -13 35 36 37 -5 11 -10 -9 -8 -7 15 16 -3 47 48 -50 -49
C: -19 -18 44 -29 41 42 43 -31 -39 -38 25 -34 -33 2 -4 -12 30

>g26
L: 1 23 24 6 45 46 -17 26 27 28 -40 20 -22 -21 -32 -14 -13 35 36 37 -5 11 -10 -9 -8 -7 15 16 -3 47 48 -50 -49
C: -19 -18 44 -29 41 42 43 -31 -39 -38 25 -34 -33 2 -4 -12 30

>g27
L: 1 23 24 6 45 46 -17 26 27 28 -40 20 -25 38 39 31 -43 -42 -41 29 -44 18 19 -30 12 4 -2 33 34 -22 -21 -32 -14 -13 35 36 37 -5 11 -10 -9 -8 -7 15 16 -3 47 48 -50 -49

>g28
L: 1 23 24 6 45 46 -17 26 27 -36 -35 13 14 32 21 22 -34 -33 2 -4 -12 30 -19 -18 44 -29 41 42 43 -31 -39 -38 25 -20 40 -28 37 -5 11 -10 -9 -8 -7 15 16 -3 47 48 -50 -49

>g29
L: 1 23 24 6 45 46 -17 26 27 -36 -35 37 -5 11 -10 -9 -8 -7 15 16 -3 47 48 -50 -49
C: 13 14 32 21 22 -34 -33 2 -4 -12 30 -19 -18 44 -29 41 42 43 -31 -39 -38 25 -20 40 -28

>g30
L: 3 -16 -15 7 8 9 10 -11 5 -37 35 36 -27 -26 17 -46 -45 -6 -24 -23 -1 47 48 -50 -49
C: 13 14 32 21 22 -34 -33 2 -4 -12 30 -19 -18 44 -29 41 42 43 -31 -39 -38 25 -20 40 -28

>g31
L: 3 -16 -15 7 8 9 10 -11 5 -37 35 32 21 22 -34 -33 2 -4 -12 30 -19 -18 44 -29 41 42 43 -31 -39 -38 25 -20 40 -28 13 14 36 -27 -26 17 -46 -45 -6 -24 -23 -1 47 48 -50 -49

>g32
L: 3 -16 -15 7 8 9 10 -11 5 -37 35 32 48 -50 -49
C: 21 22 -34 -33 2 -4 -12 30 -19 -18 44 -29 41 42 43 -31 -39 -38 25 -20 40 -28 13 14 36 -27 -26 17 -46 -45 -6 -24 -23 -1 47

>g33
L: 3 -16 -15 7 8 9 10 -11 5 -37 35 32 48 -50 -49
C: 21 22 -34 -33 2 -4 -12 30 -19 -18 44 -29 41 42 43 -31 -39 -38 25 -14 -13 28 -40 20 36 -27 -26 17 -46 -45 -6 -24 -23 -1 47

>g34
L: 31 -43 -42 -41 29 -44 18 19 -30 12 4 -2 33 34 -22 -21 -47 1 23 24 6 45 46 -17 26 27 -36 -20 40 -28 13 14 -25 38 39 3 -16 -15 7 8 9 10 -11 5 -37 35 32 48 -50 -49

>g35
L: 31 -43 -42 -20 40 -28 13 14 -25 38 39 3 -16 -15 7 8 9 10 -11 5 -37 35 32 48 -50 -49
C: -41 29 -44 18 19 -30 12 4 -2 33 34 -22 -21 -47 1 23 24 6 45 46 -17 26 27 -36

>g36
L: 31 -43 -42 -20 40 -28 13 14 -25 38 39 3 -16 -15 7 8 9 10 -11 5 -30 12 4 -2 33 34 -22 -21 -47 1 23 24 6 45 46 -17 26 27 -36 -41 29 -44 18 19 -37 35 32 48 -50 -49

>g37
L: 31 -43 -42 -20 40 -28 13 14 -25 38 39 3 -16 -15 7 8 9 10 -11 5 -30 12 4 -2 33 34 -22 -21 -47 1 23 24 6 45 46 -17 26 27 -36 -49
C: -41 29 -44 18 19 -37 35 32 48 -50

>g38
L: 31 -43 -42 -20 40 -28 13 14 -25 38 39 3 -16 -15 7 8 9 10 -11 5 -30 12 46 -17 26 27 -36 -49
C: 4 -2 33 34 -22 -21 -47 1 23 24 6 45
C: -41 29 -44 18 19 -37 35 32 48 -50

>g39
C: 4 -2 33 34 -22 -21 -47 1 23 24 6 45
L: 31 -43 -42 -20 40 -28 13 14 -25 38 39 3 -16 -15 7 8 9 10 -11 5 -30 12 46 -17 26 50 -48 -32 -35 37 -19 -18 44 -29 41 27 -36 -49

>g40
L: 31 -43 -23 -1 47 21 22 -34 -33 2 -4 -45 -6 -24 -42 -20 40 -28 13 14 -25 38 39 3 -16 -15 7 8 9 10 -11 5 -30 12 46 -17 26 50 -48 -32 -35 37 -19 -18 44 -29 41 27 -36 -49

>g41
L: 31 -43 -23 22 -34 -33 2 -4 -45 -6 -24 -42 -20 40 -28 13 14 -25 38 39 3 -16 -15 7 8 9 10 -11 5 -30 12 46 -17 26 50 -48 -32 -35 37 -19 -18 44 -29 41 27 -36 -49
C: -1 47 21

>g42
L: 31 -43 -23 22 -34 -7 15 16 -3 -39 -38 25 -14 -13 28 -40 20 42 24 6 45 4 -2 33 8 9 10 -11 5 -30 12 46 -17 26 50 -48 -32 -35 37 -19 -18 44 -29 41 27 -36 -49
C: -1 47 21

>g43
L: 31 -43 -23 22 -34 -7 15 16 -3 -39 -38 25 -14 19 -37 35 32 48 -50 -26 17 -46 -12 30 -5 11 -10 -9 -8 -33 2 -4 -45 -6 -24 -42 -20 40 -28 13 -18 44 -29 41 27 -36 -49
C: -1 47 21

>g44
L: 31 -43 -23 22 -34 -7 15 16 -3 -39 -38 25 -14 19 -37 35 32 48 -50 -26 17 -46 -12 30 -5 11 -10 -9 -8 -33 2 -4 -45 -6 -24 -42 -20 41 27 -36 -49
C: 40 -28 13 -18 44 -29
C: -1 47 21

>g45
C: -1 47 21
L: 31 -43 -23 22 -34 -7 15 16 -3 -39 -38 25 -14 19 -37 35 32 48 13 -18 44 -29 40 -28 -50 -26 17 -46 -12 30 -5 11 -10 -9 -8 -33 2 -4 -45 -6 -24 -42 -20 41 27 -36 -49

>g46
C: -1 47 21
L: 31 -43 -23 22 -34 -7 15 16 -12 30 -5 11 -10 -9 -8 -33 2 -4 -45 -6 -24 -42 -20 41 27 -36 -49
C: -3 -39 -38 25 -14 19 -37 35 32 48 13 -18 44 -29 40 -28 -50 -26 17 -46

>g47
C: -1 47 21
L: 31 -43 -23 22 -34 -7 15 16 -8 -33 2 -4 -45 -6 -24 -42 -20 41 27 -36 -49
C: -12 30 -5 11 -10 -9
C: -3 -39 -38 25 -14 19 -37 35 32 48 13 -18 44 -29 40 -28 -50 -26 17 -46

>g48
C: -1 47 21
C: -12 30 -5 11 -10 -9
L: 31 -43 -23 22 -34 -7 15 16 -8 -33 2 -18 44 -29 40 -28 -50 -26 17 -46 -3 -39 -38 25 -14 19 -37 35 32 48 13 -4 -45 -6 -24 -42 -20 41 27 -36 -49

>g49
C: -1 47 21
L: 31 -43 -23 22 -34 -7 15 16 -8 -33 11 -10 -9 -12 30 -5 2 -18 44 -29 40 -28 -50 -26 17 -46 -3 -39 -38 25 -14 19 -37 35 32 48 13 -4 -45 -6 -24 -42 -20 41 27 -36 -49

>g50
C: -1 47 21
L: 31 -43 -23 22 -34 -7 15 16 -45 -6 -24 -42 -20 41 27 -36 -49
C: -8 -33 11 -10 -9 -12 30 -5 2 -18 44 -29 40 -28 -50 -26 17 -46 -3 -39 -38 25 -14 19 -37 35 32 48 13 -4

>g51
C: -1 47 21
L: 31 -43 -23 22 -40 29 -44 18 -2 5 -30 12 9 10 -11 33 8 4 -13 -48 -32 -35 37 -19 14 -25 38 39 3 46 -17 26 50 28 -34 -7 15 16 -45 -6 -24 -42 -20 41 27 -36 -49

>g52
C: -1 47 21
L: 31 -43 -23 22 -40 29 -44 18 -2 5 -30 12 9 10 -11 33 8 -17 26 50 28 -34 -7 15 16 -45 -6 -24 -42 -20 41 27 -36 -49
C: 4 -13 -48 -32 -35 37 -19 14 -25 38 39 3 46

>g53
C: -1 47 21
L: 31 -43 -23 22 -40 29 -44 18 10 -11 33 8 -17 26 50 28 -34 -7 15 16 -45 -6 -24 -42 -20 41 27 -36 -49
C: -2 5 -30 12 9
C: 4 -13 -48 -32 -35 37 -19 14 -25 38 39 3 46

>g54
C: -2 5 -30 12 9
C: 4 -13 -48 -32 -35 37 -19 14 -25 38 39 3 46
L: 31 -43 -23 22 -47 1 -21 -40 29 -44 18 10 -11 33 8 -17 26 50 28 -34 -7 15 16 -45 -6 -24 -42 -20 41 27 -36 -49

>g55
C: -2 5 -30 12 9
L: 31 -43 -46 -3 -39 -38 25 -14 19 -37 35 32 48 13 -4 -23 22 -47 1 -21 -40 29 -44 18 10 -11 33 8 -17 26 50 28 -34 -7 15 16 -45 -6 -24 -42 -20 41 27 -36 -49

>g56
C: -2 5 -30 12 9
L: 31 -43 -46 -3 -39 -38 25 -14 19 -37 35 32 48 13 -4 -23 22 -47 1 20 42 24 6 45 -16 -15 7 34 -28 -50 -26 17 -8 -33 11 -10 -18 44 -29 40 21 41 27 -36 -49

>g57
C: -2 5 -30 12 9
L: 31 -43 -46 -3 -39 -38 25 -14 19 -37 -35 32 48 13 -4 -23 22 -47 1 20 42 24 6 45 -16 -15 7 34 -28 -50 -26 17 -8 -33 11 -10 -18 44 -29 40 21 41 27 -36 -49

>g58
C: -2 5 -30 12 9
L: 31 -43 -46 -3 -39 -38 25 -14 19 -37 -35 32 48 13 -4 -23 22 -47 1 20 42 24 6 45 -16 -15 7 34 -28 -50 -26 21 41 27 -36 -49
C: 17 -8 -33 11 -10 -18 44 -29 40

>g59
C: -2 5 -30 12 9
L: 31 -43 -46 -3 -39 -38 25 -14 19 -37 -35 32 48 13 -4 -23 -8 -33 11 -10 -18 44 -29 40 17 22 -47 1 20 42 24 6 45 -16 -15 7 34 -28 -50 -26 21 41 27 -36 -49

>g60
C: -2 5 -30 12 9
L: 31 -43 -46 -3 -39 -38 25 -14 19 -37 -35 32 48 13 -4 -23 -8 -33 11 -10 -18 44 -29 40 17 22 -47 1 20 42 24 6 45 -16 -15 7 34 -28 -50 -26 49 36 -27 -41 -21

>g61
C: -2 5 -30 12 9
L: 31 -43 -46 -3 -39 -38 25 -14 19 -37 18 10 -11 33 8 23 4 -13 -48 -32 35 44 -29 40 17 22 -47 1 20 42 24 6 45 -16 -15 7 34 -28 -50 -26 49 36 -27 -41 -21

>g62
L: 31 -43 -46 -3 -39 -38 25 -14 19 -30 12 9 -2 5 -37 18 10 -11 33 8 23 4 -13 -48 -32 35 44 -29 40 17 22 -47 1 20 42 24 6 45 -16 -15 7 34 -28 -50 -26 49 36 -27 -41 -21

>g63
L: 31 -43 -46 -3 -39 -38 25 -14 19 -30 -24 -42 -20 -1 47 -22 -17 -40 29 -44 -35 32 48 13 -4 -23 -8 -33 11 -10 -18 37 -5 2 -9 -12 6 45 -16 -15 7 34 -28 -50 -26 49 36 -27 -41 -21

>g64
L: 31 -43 -46 -3 -39 -38 49 36 -27 -41 -21
C: 25 -14 19 -30 -24 -42 -20 -1 47 -22 -17 -40 29 -44 -35 32 48 13 -4 -23 -8 -33 11 -10 -18 37 -5 2 -9 -12 6 45 -16 -15 7 34 -28 -50 -26

>g65
L: 31 -43 -46 -3 -39 -38 49 36 -27 -41 -16 -15 7 34 -28 -50 -26 25 -14 19 -30 -24 -42 -20 -1 47 -22 -17 -40 29 -44 -35 32 48 13 -4 -23 -8 -33 11 -10 -18 37 -5 2 -9 -12 6 45 -21

>g66
L: 31 -43 -46 -3 -39 -38 49 36 -27 -41 -16 -15 7 34 -28 -50 -26 25 -14 19 -30 -24 -42 -20 -1 47 -22 -17 -40 29 -44 35 32 48 13 -4 -23 -8 -33 11 -10 -18 37 -5 2 -9 -12 6 45 -21

>g67
L: 31 -43 -46 -3 -39 -38 49 36 -27 -41 -16 -15 7 34 -28 -50 -26 25 -14 19 -30 -24 -42 -20 -1 47 -22 -17 -40 29 -44 35 32 48 13 -4 -23 -8 -33 11 -10 -18 37 -5 2 -9 -12 6 45 -21

>g68
L: 31 -43 -46 -3 -39 -38 49 36 -27 -41 -16 -15 7 34 -28 -50 -26 25 -14 19 -30 -23 -8 -33 11 -10 -18 37 -5 2 -9 -12 6 45 -21
C: -24 -42 -20 -1 47 -22 -17 -40 29 -44 35 32 48 13 -4

>g69
L: 31 -43 -46 -3 -39 -38 49 36 -27 -41 -16 -15 7 34 -28 -50 -26 25 -14 19 -30 -23 -8 -33 11 -10 -18 37 -5 2 -9 -12 6 45 -21
C: -24 -42 -20 -1 47 -22 -17 -40 29 -44 35 32 48 13 -4

>g70
L: 31 -43 -46 -3 -39 -38 49 36 -27 -41 -16 -15 7 34 -28 -50 -26 25 -14 19 -30 -23 -8 -33 11 -10 -18 37 40 17 22 -47 1 20 42 24 4 -13 -48 -32 -35 44 -29 -5 2 -9 -12 6 45 -21

>g71
L: 31 -43 -46 -3 -39 -38 49 36 -27 -41 -16 -15 7 34 -28 -50 24 4 -13 -48 -32 -35 44 -29 -5 2 -9 -12 6 45 -21
C: -26 25 -14 19 -30 -23 -8 -33 11 -10 -18 37 40 17 22 -47 1 20 42

>g72
L: 31 -43 -46 -3 -39 -38 49 36 -27 -8 -33 11 -10 -18 37 40 17 22 -47 1 20 42 -26 25 -14 19 -30 -23 -41 -16 -15 7 34 -28 -50 24 4 -13 -48 -32 -35 44 -29 -5 2 -9 -12 6 45 -21

>g73
L: 31 -43 -46 -3 -39 -38 49 36 -27 -8 -33 11 -10 -18 37 40 17 22 1 20 42 -26 25 -14 19 -30 -23 -41 -16 -15 7 34 -28 -50 24 4 -13 -48 -32 -35 44 -29 -5 2 -9 -12 6 45 -21
C: -47

>g74
L: 31 -43 -46 -3 -39 -38 23 30 -19 14 -25 26 -42 -20 -1 -22 -17 -40 -37 18 10 -11 33 8 27 -36 -49 -41 -16 -15 7 34 -28 -50 24 4 -13 -48 -32 -35 44 -29 -5 2 -9 -12 6 45 -21
C: -47

>g75
L: 31 -43 38 39 3 46 23 30 -19 14 -25 26 -42 -20 -1 -22 -17 -40 -37 18 10 -11 33 8 27 -36 -49 -41 -16 -15 7 34 -28 -50 24 4 -13 -48 -32 -35 44 -29 -5 2 -9 -12 6 45 -21
C: -47

>g76
L: 31 -43 38 39 3 46 23 30 -19 41 49 36 -27 -8 -33 11 -10 -18 37 40 17 22 1 20 42 -26 25 -14 -16 -15 7 34 -28 -50 24 4 -13 -48 -32 -35 44 -29 -5 2 -9 -12 6 45 -21
C: -47

>g77
L: 31 -43 38 39 3 46 23 30 -19 41 49 36 -27 -8 -33 11 -10 -18 37 40 17 22 1 20 42 -26 25 -14 50 28 -34 -7 15 16 24 4 -13 -48 -32 -35 44 -29 -5 2 -9 -12 6 45 -21
C: -47

>g78
L: 31 -43 38 39 3 46 23 30 -19 41 49 36 -27 -8 -33 11 -10 12 9 -2 5 29 -44 35 32 48 13 -4 -24 -16 -15 7 34 -28 -50 14 -25 26 -42 -20 -1 -22 -17 -40 -37 18 6 45 -21
C: -47

>g79
L: 31 -43 38 39 3 46 23 30 -19 41 49 36 -27 -8 -33 11 -34 -7 15 16 24 4 -13 -48 -32 -35 44 -29 -5 2 -9 -12 10 -28 -50 14 -25 26 -42 -20 -1 -22 -17 -40 -37 18 6 45 -21
C: -47

>g80
L: 31 -43 38 39 3 46 23 30 -19 41 49 36 -27 -42 -20 -1 -22 -17 -40 -37 18 6 45 -21
C: -8 -33 11 -34 -7 15 16 24 4 -13 -48 -32 -35 44 -29 -5 2 -9 -12 10 -28 -50 14 -25 26
C: -47

>g81
C: -47
L: 31 -43 38 39 3 46 23 30 -19 41 49 36 -27 -7 15 16 24 4 -13 -48 -32 -35 44 -29 -5 2 -9 -12 10 -28 -50 14 -25 26 -8 -33 11 -34 -42 -20 -1 -22 -17 -40 -37 18 6 45 -21

>g82
C: -47
L: 31 -43 38 39 3 46 23 30 -19 41 49 36 -27 -7 15 16 24 4 37 40 17 22 1 20 42 34 -11 33 8 -26 25 -14 50 28 -10 12 9 -2 5 29 -44 35 32 48 13 18 6 45 -21

>g83
C: -47
L: 31 -43 38 39 3 46 23 30 -19 32 48 13 18 6 45 -21
C: 41 49 36 -27 -7 15 16 24 4 37 40 17 22 1 20 42 34 -11 33 8 -26 25 -14 50 28 -10 12 9 -2 5 29 -44 35

>g84
C: -47
L: 31 -43 38 39 3 46 23 30 -19 32 48 13 18 6 45 -21
C: 41 49 -34 -42 -20 -1 -22 -17 -40 -37 -4 -24 -16 -15 7 27 -36 -11 33 8 -26 25 -14 50 28 -10 12 9 -2 5 29 -44 35

>g85
C: -47
L: 31 -43 38 39 3 46 23 30 -19 32 48 13 18 6 45 -21
C: 41 49 -34 -42 -20 -1 -22 -17 -40 -37 -4 -24 -16 -15 7 -12 10 -28 -50 14 -25 26 -8 -33 11 36 -27 9 -2 5 29 -44 35

>g86
C: -47
L: 31 -43 38 -50 14 -25 26 -8 -33 11 36 -27 9 -2 5 29 -44 35 41 49 -34 -42 -20 -1 -22 -17 -40 -37 -4 -24 -16 -15 7 -12 10 -28 39 3 46 23 30 -19 32 48 13 18 6 45 -21

>g87
C: -47
L: 31 -43 38 -50 14 -25 26 -2 5 29 -44 35 41 49 -34 -42 -20 -1 -22 -17 -40 -37 -4 -24 -16 -15 7 -12 10 -28 39 3 46 23 30 -19 32 48 13 18 6 45 -21
C: -8 -33 11 36 -27 9

>g88
C: -47
L: 31 -43 38 -50 -46 -3 -39 28 -10 12 -7 15 16 24 4 37 40 17 22 1 20 42 34 -49 -41 -35 44 -29 -5 2 -26 25 -14 23 30 -19 32 48 13 18 6 45 -21
C: -8 -33 11 36 -27 9

>g89
C: -47
L: 31 -43 38 -50 -46 -3 -39 23 30 -19 32 48 13 18 6 45 -21
C: 28 -10 12 -7 15 16 24 4 37 40 17 22 1 20 42 34 -49 -41 -35 44 -29 -5 2 -26 25 -14
C: -8 -33 11 36 -27 9

>g90
C: -47
C: -8 -33 11 36 -27 9
L: 31 -43 38 -50 -46 -3 -39 23 30 -19 32 48 13 18 6 10 -28 14 -25 26 -2 5 29 -44 35 41 49 -34 -42 -20 -1 -22 -17 -40 -37 -4 -24 -16 -15 7 -12 45 -21

>g91
C: -47
C: -8 -33 11 36 -27 9
L: 31 -43 38 -50 -46 -3 -39 23 30 -19 32 48 13 18 6 10 -28 14 -25 26 -2 5 29 -44 -15 7 -12 45 -21
C: 35 41 49 -34 -42 -20 -1 -22 -17 -40 -37 -4 -24 -16

>g92
C: -47
C: -8 -33 11 36 -27 9
L: 31 -43 38 -50 -46 -3 -39 23 30 -19 32 48 13 18 6 10 -28 14 -25 26 -12 45 -21
C: -2 5 29 -44 -15 7
C: 35 41 49 -34 -42 -20 -1 -22 -17 -40 -37 -4 -24 -16

>g93
C: -47
C: -8 -33 11 36 -27 9
L: 31 -43 38 -50 -46 -3 -39 23 30 -19 32 48 13 18 6 10 -28 14 -25 26 -12 45 -21
C: -2 5 29 -44 -15 7
C: 35 41 49 -34 -20 -1 -22 -17 -40 -37 -4 -24 -16
C: -42

>g94
C: -47
C: -8 -33 11 36 -27 9
L: 31 -43 38 -50 -46 -3 -39 23 30 -19 32 48 13 18 6 10 -28 14 -25 26 -12 45 -21
C: -42
C: -2 5 29 -16 35 41 49 -34 -20 -1 -22 -17 -40 -37 -4 -24 -44 -15 7

>g95
C: -47
C: -8 -33 11 36 -27 9
C: -42
L: 31 -43 38 -50 -46 -3 -39 23 30 -19 32 48 13 18 34 -49 -41 -35 16 -29 -5 2 -7 15 44 24 4 37 40 17 22 1 20 6 10 -28 14 -25 26 -12 45 -21

>g96
C: -47
C: -8 -33 11 36 -27 9
C: -42
L: 31 -43 38 -50 -46 -3 -39 23 30 -19 32 48 13 18 34 -49 -41 -35 16 -29 -5 2 -7 -45 12 -26 25 -14 28 -10 -6 -20 -1 -22 -17 -40 -37 -4 -24 -44 -15 -21

>g97
C: -47
C: -8 -33 11 36 -27 9
C: -42
L: 31 -43 38 -50 -46 -3 -39 23 30 -19 32 48 13 18 -24 -44 -15 -21
C: 34 -49 -41 -35 16 -29 -5 2 -7 -45 12 -26 25 -14 28 -10 -6 -20 -1 -22 -17 -40 -37 -4

>g98
C: -47
C: -8 -33 11 36 -27 9
C: -42
L: 31 -43 38 -50 -46 -3 -39 23 30 -19 45 7 -2 5 29 -16 35 41 49 -34 4 37 40 17 22 1 20 6 10 -28 14 -25 26 -12 32 48 13 18 -24 -44 -15 -21

>g99
C: -47
C: -42
L: 31 -43 38 -50 -46 -3 -39 23 30 -19 8 -9 27 -36 -11 33 45 7 -2 5 29 -16 35 41 49 -34 4 37 40 17 22 1 20 6 10 -28 14 -25 26 -12 32 48 13 18 -24 -44 -15 -21

>g100
C: -47
C: -42
L: 31 -43 38 -50 -46 -3 -39 23 30 -19 8 -9 27 -36 -11 33 45 7 -2 5 29 -16 35 41 25 -14 28 -10 -6 -20 -1 -22 -17 -40 -37 -4 34 -49 26 -12 32 48 13 18 -24 -44 -15 -21

